1638
1720
306
384
1031
1305
604
960
460
1454
337
890
1454
558
1177
1113
795
476
1575
1645
1631
1489
495
2009
1224
181
1128
63
874
410
1926
1753
314
438
944
1172
454
868
2015
1232
1699
2009
167
1300
147
5
334
1901
1522
964
220
1071
1449
748
1463
224
1052
1229
790
62
1972
944
1750
1237
924
825
1868
1819
957
1410
320
1120
1005
1840
1946
315
1191
221
1210
559
1617
999
837
618
769
1734
1523
1765
1256
256
567
1102
1555
1349
390
1082
136
890
1410
225
1808
609
1224
101
1394
1737
1780
1825
987
1205
1256
1252
554
1838
580
854
1862
1198
778
1182
392
755
320
1634
1149
778
405
781
1683
597
805
1117
441
1125
1436
52
148
1711
462
944
1169
1161
746
1224
1590
1064
688
1721
1505
1115
666
1348
1863
1907
1968
1724
1248
69
1148
442
967
453
1570
308
496
1242
247
1181
466
429
1455
1472
489
513
897
2004
1298
336
1193
1756
121
1433
935
724
368
1324
381
355
1869
1745
689
683
1914
1208
1807
595
1639
720
1121
694
130
1617
822
1642
659
796
223
207
1366
1600
923
82
1328
1067
529
1958
619
1846
929
1459
320
152
1962
1019
11
1679
718
1817
1974
1802
1150
57
410
1782
1372
1346
207
1307
1575
28
1753
456
351
1068
97
1645
1992
1924
307
462
1726
1059
1422
1636
1373
1922
1359
1230
1361
969
749
73
637
1463
1142
843
1428
2003
166
1573
1987
896
563
1935
1183
1015
1529
937
327
1411
295
1939
361
858
1223
1810
1893
1333
1064
1703
1573
1178
993
302
1825
1506
282
1355
2020
1725
1073
633
109
20
833
1711
677
1788
1655
407
994
485
339
800
1390
205
1862
2001
1558
775
77
1796
1023
19
485
429
2009
57
71
1965
1793
945
288
965
1868
1788
643
484
1980
272
967
1157
624
423
1102
1867
585
1085
143
986
626
957
1932
675
784
583
1111
1757
1635
215
235
243
850
1163
1521
686
926
1943
1757
1514
1383
1821
229
658
320
766
672
1351
1929
1310
1025
231
2002
1994
1630
1801
723
253
527
779
169
1669
1271
573
40
420
154
1562
671
128
534
1292
1450
715
755
369
59
1147
1619
1343
690
1656
548
1595
2002
510
1897
754
765
1523
906
1228
812
1951
423
1231
48
563
332
1085
1554
385
111
1542
198
664
167
2008
1099
569
1188
364
1611
296
236
1692
2014
783
1308
36
83
1232
1637
126
353
454
224
1621
1560
1211
470
821
25
453
1451
1759
299
1551
159
56
198
1462
668
235
342
37
1337
1811
1456
1606
1536
1194
1072
817
443
1958
1025
1503
1969
1863
775
1266
1864
1440
754
795
794
421
1200
1267
1226
1177
1921
571
1940
1432
1094
954
109
419
471
1872
137
331
418
1483
584
81
696
126
1108
1396
997
988
1459
731
1314
1274
1508
128
1389
653
1062
1666
1372
1169
561
1683
1741
472
1824
159
503
917
697
870
1268
867
804
222
2000
279
1962
328
1786
1887
1502
281
1812
1526
1855
344
477
1649
386
451
1720
1458
1948
479
190
1930
2018
20
1385
264
1536
1495
1026
1628
1497
818
338
1462
1237
1872
421
1256
1560
252
1269
1611
496
944
484
567
1940
712
341
1976
1768
291
1412
747
628
326
11
1159
24
888
1951
1841
482
1825
1715
653
620
1311
1442
1377
648
1178
1283
939
1934
864
985
1269
1696
1748
18
1307
1354
811
372
216
1490
1197
8
42
1030
1160
1630
662
917
1391
1485
64
51
1833
256
664
674
1138
821
541
120
36
1299
1369
1093
188
1630
1095
1027
262
1289
2003
645
1276
764
1403
285
1724
1723
1458
1738
733
929
789
490
8
373
731
964
1858
703
430
1925
1058
197
43
768
145
1978
1216
174
938
566
1142
149
1525
1207
1236
2017
292
1625
491
1705
250
103
1373
1506
1559
1930
1311
702
1396
1206
722
1415
682
1863
690
1454
1607
1982
887
1345
1991
768
625
1380
1259
1971
812
1353
1563
1948
346
1735
1091
792
1653
1595
538
217
1979
427
294
183
161
1747
1381
466
932
124
1229
27
1704
1097
15
1053
1886
131
75
439
1306
677
1197
1791
1563
388
849
245
1772
1716
826
247
1009
859
1464
276
578
1229
52
890
1107
1951
438
352
1735
1171
4
1216
197
2015
147
669
1767
370
296
1400
967
289
1872
690
789
221
2005
956
1108
678
1579
498
499
414
648
512
911
158
248
1654
1201
1442
1904
1189
862
1270
1224
131
89
391
1019
1089
586
857
455
928
858
350
138
909
744
1125
740
713
1744
1829
984
352
320
1101
1658
112
151
1086
1440
135
1351
155
1330
1057
1760
214
409
1197
1177
1056
1622
116
546
382
1945
402
276
1994
1613
408
1309
1314
1797
384
1002
690
464
532
677
1957
1678
1963
1484
1245
1042
1355
503
620
844
544
78
149
496
384
679
845
1042
878
1559
1757
1966
1037
1215
942
1423
1663
100
1992
71
875
1966
1236
1576
1549
1497
1858
643
1065
1731
147
1783
1959
302
1172
1465
36
1242
1559
882
1327
248
1755
1947
259
236
1037
408
865
1839
1537
1277
49
1790
1222
1560
463
1079
300
375
1119
1405
1932
1172
722
1320
1975
573
1846
1318
1851
878
350
367
106
1033
29
1861
431
830
1373
1305
325
471
1517
1026
1510
694
46
137
1835
235
345
1929
1981
556
37
90
1291
1962
519
1423
