1885
745
600
1833
1217
920
1967
1319
1771
1989
1302
1307
1948
856
82
1181
483
1244
1650
1928
709
1962
923
1883
376
494
847
240
77
1823
223
557
1132
1641
51
1859
972
1039
1846
644
1225
1610
1407
1535
1372
1080
1483
1860
1541
1503
581
977
1643
1678
1524
362
1156
19
993
1463
525
1407
132
1502
1498
1442
83
199
280
1439
1949
1231
393
915
725
1894
1983
1764
991
453
230
302
1601
906
1798
1884
1839
1104
1562
78
887
840
1454
465
1739
549
558
136
1115
671
1002
56
715
330
153
476
136
1906
416
292
1322
1562
792
1015
1487
677
1922
1918
21
1409
867
975
1035
1565
1021
1821
76
1232
1772
189
1305
1089
1686
84
75
954
1486
1651
630
1300
1702
876
1815
1639
1442
797
919
1071
928
1925
932
1226
1461
1577
1102
535
683
1855
466
1472
1033
352
1169
1977
1210
1763
1825
764
958
1400
1263
1987
486
166
102
1545
946
713
1376
308
211
1528
781
575
34
1370
17
1934
1556
653
319
1426
1820
1338
559
1313
837
1029
621
451
